20130208,30.31,30.48,30.16,30.22,4789484
20130211,30.26,30.445,30.13,30.28,4418487
20130212,30.22,30.83,30.08,30.81,5535196
20130213,30.91,31.16,30.66,31.16,6749912
20130214,31.03,31.54,30.96,31.4,7250119
20130215,31.72,32.57,31.72,32.57,15805985
20130219,32.58,33.1,32.51,33.08,7385582
20130220,33.09,33.09,32.43,32.5,7775251
20130221,32.32,32.43,31.975,32.11,6469524
20130222,32.4,32.46,32.04,32.1,4842672
20130225,32.28,32.43,31.7,31.7,5625133
20130226,31.66,31.875,31.21,31.83,4872346
20130227,31.82,32.1,31.615,32.0,4741498
20130228,32.05,32.16,31.86,31.86,5567921
20130301,31.7,31.99,31.39,31.97,3819805
20130304,31.91,32.12,31.71,32.02,3918668
20130305,32.14,32.37,32.06,32.21,4101151
20130306,32.24,32.41,32.16,32.32,3860954
20130307,32.45,32.62,32.32,32.57,3024827
20130308,32.48,32.77,32.385,32.54,4476075
20130311,32.41,32.66,32.23,32.46,2967257
20130312,32.41,32.685,32.3,32.56,3665364
20130313,32.55,32.95,32.425,32.93,4843290
20130314,32.99,32.99,32.78,32.91,3649215
20130315,32.8,33.01,32.6,33.0,6448781
20130318,32.72,33.0,32.55,32.69,3063716
20130319,32.75,32.9,32.52,32.7,3608576
20130320,32.87,33.13,32.82,33.01,2780844
20130321,32.86,32.97,32.49,32.61,2467505
20130322,32.65,32.82,32.62,32.78,2078981
20130325,32.92,33.0,32.5,32.57,2736460
20130326,32.71,32.95,32.68,32.83,2210399
20130327,32.65,32.98,32.57,32.97,3384306
20130328,32.93,33.77,32.87,33.73,5914750
20130401,33.73,33.8,33.26,33.69,3460610
20130402,33.75,34.28,33.61,34.11,6840393
20130403,34.05,34.1,33.07,33.23,6548603
20130404,33.22,33.59,33.1,33.59,4015573
20130405,33.2,33.25,32.84,33.17,3286154
20130408,33.09,33.32,32.98,33.32,2741935
20130409,33.25,33.25,32.365,32.73,6111115
20130410,32.79,33.22,32.62,33.17,4021253
20130411,33.11,33.2,32.8743,32.98,3258542
20130412,32.89,33.1,32.45,32.64,5495383
20130415,32.48,32.6,31.5,31.52,6924290
20130416,31.62,32.27,31.51,32.18,4226206
20130417,31.9,32.16,31.52,32.07,5081829
20130418,32.07,32.17,31.69,31.91,4424157
20130419,32.01,32.27,31.95,32.18,6088349
20130422,32.16,32.315,31.9,32.22,3324545
20130423,32.33,32.56,32.03,32.55,3805343
20130424,32.61,32.825,32.35,32.39,3087205
20130425,32.62,33.23,32.36,33.18,4958613
20130426,33.4,33.87,33.24,33.47,5770860
20130429,33.55,34.19,33.51,34.03,5169848
20130430,34.0,34.03,33.65,33.94,4194262
20130501,33.79,33.99,33.51,33.58,5144998
20130502,32.85,33.91,32.73,33.6,6101197
20130503,33.83,34.24,33.65,34.2,4003571
20130506,34.11,34.16,33.699,33.88,2848131
20130507,34.01,34.34,33.79,34.34,3360826
20130508,34.23,34.4,33.91,34.4,3439850
20130509,34.34,34.49,33.86,33.91,3798573
20130510,33.86,34.18,33.81,34.06,3583289
20130513,34.05,34.11,33.74,33.99,3473118
20130514,33.74,34.09,33.14,34.06,3795948
20130515,33.97,34.845,33.88,34.71,5330304
20130516,34.38,34.58,34.02,34.16,5008435
20130517,34.2,35.045,34.02,35.0,6267618
20130520,34.95,35.0,34.34,34.4,4734115
20130521,34.3,34.81,34.19,34.71,3629346
20130522,34.68,35.01,34.04,34.14,5336310
20130523,33.7,34.265,33.58,34.16,3128285
20130524,34.06,34.12,33.77,33.88,2112753
20130528,34.17,34.31,33.98,34.14,3100774
20130529,33.99,34.0,33.28,33.43,4301054
20130530,33.53,33.61,33.27,33.31,2615950
20130531,33.13,33.14,32.23,32.23,5419767
20130603,32.31,32.71,31.9,32.65,3802565
20130604,32.69,33.15,32.62,33.0,3350917
20130605,32.91,32.94,32.47,32.6,3488830
20130606,32.71,32.73,32.2181,32.65,2514666
20130607,32.98,33.27,32.705,32.91,2991278
20130610,33.03,33.245,32.76,33.1,2821161
20130611,32.8,33.27,32.66,33.12,3365037
20130612,33.34,33.49,32.72,32.89,3723756
20130613,32.86,33.47,32.6,33.39,2872341
20130614,33.31,33.69,33.02,33.08,2263283
20130617,33.23,33.5,33.03,33.27,2386236
20130618,33.23,33.87,33.23,33.83,2768026
20130619,33.86,34.11,33.24,33.26,4253223
20130620,32.99,33.13,32.595,32.61,3802529
20130621,33.01,33.4902,32.77,33.09,6274015
20130624,32.75,33.33,32.6,32.93,3022695
20130625,33.32,33.32,32.85,33.17,3169411
20130626,33.42,33.73,33.29,33.58,3936876
20130627,33.79,34.03,33.65,33.71,2144625
20130628,33.57,34.22,33.5,33.91,4591316
20130701,34.11,34.69,34.11,34.35,3644264
20130702,34.37,35.16,34.32,34.87,3928931
20130703,34.57,34.81,34.5,34.81,1522501
20130705,34.9,35.0,34.54,34.88,2012528
20130708,34.88,35.4,34.78,35.36,2850445
20130709,35.47,35.94,35.47,35.72,4773101
20130710,35.74,35.985,35.5611,35.9,2168490
20130711,36.14,36.27,35.91,36.19,3390393
20130712,36.17,36.35,36.05,36.31,2039101
20130715,36.33,36.37,36.11,36.22,2292565
20130716,36.11,36.19,35.57,35.71,4180034
20130717,35.78,36.08,35.52,35.69,2175896
20130718,35.69,35.95,35.58,35.79,2148444
20130719,36.19,36.8,35.96,36.68,4535459
20130722,36.7,36.73,36.04,36.17,3318502
20130723,36.08,36.65,35.96,36.56,3120015
20130724,36.63,36.63,36.02,36.07,2545143
20130725,36.11,36.745,35.83,36.64,3241273
20130726,36.4,36.7,36.235,36.67,1800281
20130729,36.53,36.85,36.34,36.36,2475548
20130730,36.33,36.64,35.98,36.02,3311698
20130731,36.2,36.7,35.98,36.47,4299537
20130801,36.72,37.19,36.651,37.18,3601520
20130802,37.03,37.57,36.82,37.57,3680423
20130805,37.47,37.89,37.22,37.86,5637694
20130806,36.86,38.18,36.38,37.89,6807765
20130807,37.75,37.98,37.33,37.76,3242000
20130808,37.97,38.39,37.86,38.3,4012215
20130809,38.2,38.48,38.05,38.38,2760972
20130812,38.24,38.59,37.9475,38.56,3614465
20130813,38.52,38.64,38.31,38.63,3530475
20130814,38.58,38.81,38.35,38.54,3738528
20130815,38.2,38.36,36.94,37.03,5150452
20130816,36.94,37.33,36.88,37.25,3434997
20130819,37.01,37.13,36.54,36.58,3185502
20130820,36.47,36.78,36.31,36.59,2744097
20130821,36.61,36.73,36.26,36.3,3114720
20130822,36.39,36.505,35.905,36.07,2995031
20130823,36.19,36.35,35.75,36.28,3013093
20130826,36.2,36.23,34.355,34.5,8165155
20130827,34.24,34.88,34.21,34.63,4163081
20130828,34.5,34.88,34.39,34.6,3804671
20130829,34.53,35.09,34.38,34.81,3722261
20130830,34.96,35.41,34.82,35.21,5383434
20130903,35.43,35.665,35.3,35.4,3656321
20130904,35.66,36.28,35.44,36.1,4733835
20130905,36.02,36.31,36.02,36.19,2515437
20130906,36.23,36.29,35.7,35.79,2462009
20130909,35.82,36.27,35.82,36.11,2482135
20130910,36.21,36.4,35.89,36.08,2365550
20130911,36.11,36.23,35.84,36.13,2215176
20130912,36.11,36.21,35.63,35.99,3281162
20130913,36.12,36.23,35.91,36.22,2111294
20130916,36.58,36.87,36.555,36.75,2732231
20130917,36.79,37.22,36.75,37.16,3894197
20130918,37.09,37.19,36.56,37.11,3399664
20130919,37.09,37.2,36.83,37.06,2255536
20130920,37.05,37.41,36.97,37.24,5427193
20130923,37.07,37.09,36.61,36.63,2821004
20130924,36.61,37.08,36.55,36.77,3765183
20130925,36.81,36.96,36.6,36.67,2348830
20130926,36.71,37.02,36.65,36.81,2667202
20130927,36.63,37.18,36.38,37.12,3724841
20130930,37.0,37.02,36.45,36.84,3592150
20131001,36.8,36.94,36.49,36.85,2216712
20131002,36.77,37.18,36.3,37.18,4924796
20131003,37.04,37.13,36.5,36.75,3317194
20131004,36.78,36.87,36.53,36.7,2400469
20131007,36.44,36.74,36.22,36.42,2157246
20131008,36.38,36.6,36.12,36.19,4174255
20131009,36.3,36.66,36.18,36.33,3440575
20131010,36.72,37.2,36.01,37.07,6645080
20131011,36.97,36.97,36.3272,36.59,3716908
20131014,36.48,37.07,36.44,36.97,3070729
20131015,36.83,37.11,36.63,36.82,2945952
20131016,37.07,37.71,36.905,37.52,3217351
20131017,37.4,37.99,37.19,37.9,2505532
20131018,37.95,38.19,37.83,38.02,4059017
20131021,38.34,38.84,38.25,38.66,4833602
20131022,38.67,39.59,38.63,39.49,5173605
20131023,39.25,39.5,39.01,39.27,3535504
20131024,39.27,39.39,39.0048,39.18,2388836
20131025,39.26,39.96,39.18,39.93,6526495
20131028,39.77,40.25,39.66,39.84,5282879
20131029,39.44,41.74,39.01,40.73,8442647
20131030,40.72,41.2,40.171,41.0,4622142
20131031,41.08,41.36,40.51,40.9,6332938
20131101,41.03,41.08,40.51,40.9,4924238
20131104,41.01,41.22,40.765,40.87,4576045
20131105,40.83,42.14,40.76,41.98,8208542
20131106,41.92,41.96,41.61,41.76,4606757
20131107,41.78,41.86,41.14,41.23,5913698
20131108,41.22,41.5,40.93,41.44,5956462
20131111,41.49,41.62,41.07,41.14,4431262
20131112,40.78,40.82,40.06,40.42,6355578
20131113,40.34,41.43,40.33,41.43,5633751
20131114,41.29,42.1,41.29,42.0,6484284
20131115,42.09,42.09,40.4,40.56,9886538
20131118,40.21,41.24,40.21,40.94,5335968
20131119,40.22,41.41,40.22,40.97,4633154
20131120,40.96,41.0,39.87,39.9,5797537
20131121,40.1,41.44,40.07,41.15,6584015
20131122,41.12,41.87,40.99,41.86,4162284
20131125,41.87,41.879,41.28,41.35,3387680
20131126,41.49,41.89,41.38,41.6,3222721
20131127,41.68,41.85,41.27,41.49,2285430
20131129,40.9,41.24,40.15,40.25,3635827
20131202,40.33,41.215,40.19,40.85,4706148
20131203,40.82,41.14,40.57,41.1,3565989
20131204,40.89,41.92,40.75,41.73,4734213
20131205,41.7,41.72,41.195,41.47,3366375
20131206,41.87,42.1,41.52,41.94,3080235
20131209,41.93,42.5,41.75,42.48,4286794
20131210,42.35,42.51,41.63,42.36,4608769
20131211,42.35,42.35,41.63,41.71,4101739
20131212,41.71,41.72,40.49,40.59,5148165
20131213,40.64,40.69,40.15,40.34,3998714
20131216,40.44,41.38,40.35,40.66,6404656
20131217,40.75,41.61,40.72,41.48,5935595
20131218,41.67,43.16,41.44,43.14,7328456
20131219,43.02,43.83,42.77,43.79,6512718
20131220,43.82,43.94,43.19,43.36,7136348
20131223,43.535,43.7599,42.86,43.04,3784864
20131224,43.16,43.49,43.07,43.27,1083949
20131226,43.32,43.8,43.24,43.65,2370586
20131227,43.66,43.96,43.51,43.76,2516729
20131230,43.9,43.99,43.43,43.69,2454479
20131231,43.77,43.91,43.24,43.4,2203507
20140102,43.22,43.29,42.79,42.99,2753765
20140103,43.1,43.38,42.88,43.19,2275519
20140106,43.42,43.58,43.117,43.28,4182854
20140107,43.37,43.37,42.41,42.85,4529507
20140108,42.76,42.87,42.21,42.36,4462223
20140109,42.51,42.56,41.66,42.16,4444284
20140110,42.41,42.56,41.93,41.98,5537331
20140113,42.01,42.1,41.44,41.53,6368802
20140114,41.73,42.39,41.57,42.33,7294001
20140115,42.43,42.82,42.095,42.45,4655968
20140116,42.51,42.63,41.225,41.25,7134238
20140117,41.3,41.43,40.94,41.01,6667175
20140121,41.28,41.49,41.0104,41.37,4209074
20140122,41.51,42.35,41.44,42.25,5183242
20140123,41.91,42.01,40.82,40.84,5519541
20140124,40.6,40.84,39.53,39.57,5756076
20140127,39.88,40.17,39.28,39.36,5665785
20140128,39.47,40.14,39.43,40.07,4097047
20140129,39.62,39.85,38.96,39.22,5240790
20140130,39.59,39.69,39.17,39.51,3986996
20140131,39.09,39.725,39.02,39.48,4333981
20140203,39.28,39.82,38.77,38.91,7878336
20140204,39.81,39.84,38.06,38.23,7340610
20140205,38.75,38.83,37.92,38.66,8799086
20140206,38.82,39.255,38.74,39.11,5759035
20140207,39.6,39.98,39.15,39.89,6613964
20140210,39.81,40.25,39.51,40.11,6795746
20140211,40.12,40.55,39.76,40.53,6510786
20140212,40.43,40.83,40.28,40.65,7035371
20140213,40.5,40.9,40.223,40.67,3070860
20140214,40.71,40.97,40.51,40.78,3791431
20140218,40.66,40.91,40.47,40.53,4296040
20140219,40.5,40.53,39.89,39.95,4449254
20140220,39.95,40.26,39.86,40.12,3709568
20140221,40.11,40.17,39.7799,39.99,3919612
20140224,40.1,40.67,39.99,40.16,3499008
20140225,40.25,40.75,40.15,40.39,3734077
20140226,40.49,40.67,40.275,40.39,2649446
20140227,40.32,40.54,39.79,39.89,5100116
20140228,39.9,40.795,39.87,40.6,4379770
20140303,40.14,40.19,39.53,39.88,5021614
20140304,40.29,40.93,40.29,40.7,3666295
20140305,40.66,40.875,40.37,40.67,2790692
20140306,40.7,41.1,40.6,40.94,3845694
20140307,41.14,41.54,40.99,41.33,3008395
20140310,41.61,42.45,41.61,42.45,5695143
20140311,42.52,42.77,42.32,42.45,4258546
20140312,42.14,43.18,42.09,42.93,5485292
20140313,43.03,43.21,42.38,42.4,3983876
20140314,42.26,42.71,42.19,42.51,3792388
20140317,42.78,43.075,42.44,42.56,4392456
20140318,42.69,43.0,42.51,42.93,2202173
20140319,42.93,43.22,42.31,42.66,3514259
20140320,42.58,42.79,42.28,42.7,2430317
20140321,43.08,43.09,42.43,42.67,8366530
20140324,42.82,42.99,42.18,42.3,2586763
20140325,42.54,42.64,42.22,42.41,3605779
20140326,42.48,43.05,42.43,42.7,3909380
20140327,42.8,43.16,42.61,43.1,3253940
20140328,43.28,43.604,42.94,43.21,2773277
20140331,43.24,43.57,43.0701,43.39,3294963
20140401,43.42,43.74,43.22,43.43,3014225
20140402,42.62,43.52,41.72,43.43,3279144
20140403,43.47,43.58,42.83,43.15,4171526
20140404,43.59,43.66,43.03,43.05,4416020
20140407,43.03,43.75,43.02,43.6,4276979
20140408,43.54,43.8,43.17,43.53,4164245
20140409,43.56,44.46,43.36,44.38,4604858
20140410,44.45,44.74,44.035,44.17,5185153
20140411,44.26,44.45,44.08,44.41,5346546
20140414,44.55,44.81,44.36,44.69,4174906
20140415,44.71,44.73,43.87,44.27,4402000
20140416,44.54,45.02,44.44,45.02,2761697
20140417,44.86,45.34,44.8,45.04,4119949
20140421,45.02,45.4,44.82,44.89,2221401
20140422,44.85,44.95,44.56,44.61,2594127
20140423,44.68,44.96,44.68,44.73,2640228
20140424,44.82,44.93,44.46,44.63,2123986
20140425,44.6,44.72,44.24,44.42,2286862
20140428,44.6,44.63,44.06,44.38,4317513
20140429,43.12,43.64,42.66,43.23,7794616
20140430,43.17,43.89,42.95,43.73,5913765
20140501,43.74,43.78,43.18,43.24,3122117
20140502,43.31,43.76,43.04,43.55,3059493
20140505,43.3,43.52,43.02,43.41,2288254
20140506,43.24,43.3856,43.02,43.14,3461707
20140507,43.17,44.34,43.17,44.27,4257124
20140508,44.18,44.52,43.87,44.07,3364536
20140509,44.09,44.515,44.09,44.39,2209385
20140512,44.6,44.74,44.335,44.67,2405243
20140513,44.44,44.66,44.26,44.31,2285150
20140514,44.33,44.4,43.83,43.85,2218768
20140515,43.8,43.88,43.43,43.53,2654030
20140516,43.53,43.88,43.49,43.82,1935748
20140519,43.82,43.9575,43.69,43.89,2018366
20140520,43.85,43.89,43.17,43.33,2167658
20140521,43.41,43.9,43.41,43.86,2293838
20140522,42.93,44.02,42.9,43.65,1657192
20140523,43.7,43.87,43.38,43.56,2034394
20140527,43.65,44.36,43.62,44.32,2400276
20140528,44.32,44.55,44.21,44.29,1851371
20140529,44.39,44.69,44.35,44.64,1727251
20140530,44.56,44.975,44.56,44.94,2011074
20140602,44.89,45.05,44.759,44.85,2295251
20140603,44.73,44.94,44.29,44.35,2483001
20140604,44.37,44.54,44.13,44.31,2287701
20140605,44.31,45.0,44.22,44.97,2506415
20140606,44.83,45.37,44.83,45.18,2460053
20140609,45.01,45.29,45.0,45.14,1872480
20140610,44.95,45.18,44.74,45.14,2077854
20140611,44.84,45.0,44.62,44.66,2230125
20140612,44.54,44.65,43.41,43.47,3651348
20140613,43.53,43.88,43.43,43.84,2274440
20140616,43.76,44.32,43.68,44.22,2667766
20140617,44.31,44.52,44.1,44.41,2311199
20140618,44.25,44.5,43.72,44.43,3326950
20140619,44.54,45.21,44.34,45.12,3026327
20140620,45.21,45.38,44.77,44.87,3058723
20140623,44.98,45.16,44.82,44.98,2032635
20140624,44.86,44.92,44.23,44.28,2156166
20140625,44.14,44.32,43.8,43.89,2431507
20140626,43.89,44.11,43.74,43.93,1833624
20140627,43.81,43.945,43.505,43.82,2734188
20140630,43.77,44.33,43.69,44.11,4049612
20140701,44.29,44.94,44.15,44.85,2765166
20140702,44.93,45.345,44.81,45.32,2638196
20140703,45.35,45.95,45.29,45.77,3146688
20140707,45.26,46.7201,45.26,46.5,4669953
20140708,46.54,46.65,45.94,45.94,6029653
20140709,46.0,46.6,45.96,46.15,3883821
20140710,45.74,47.5,45.68,47.35,5795234
20140711,47.15,48.04,46.84,47.85,4814927
20140714,48.06,48.33,47.9,48.07,3463126
20140715,47.96,48.22,47.49,47.54,4049289
20140716,47.87,47.97,47.68,47.76,2747503
20140717,47.75,47.9,47.31,47.32,2565763
20140718,47.49,48.195,47.43,48.1,2394965
20140721,47.88,48.2,47.75,48.08,2357892
20140722,48.06,48.38,47.94,48.2,2598891
20140723,48.18,48.39,48.09,48.29,2250575
20140724,48.36,48.84,48.354,48.43,2213499
20140725,48.29,48.49,47.885,48.12,2040279
20140728,48.23,48.4,47.96,48.07,1882859
20140729,48.08,48.3,47.54,47.57,2460317
20140730,47.68,47.85,46.6,46.74,4206293
20140731,46.48,46.86,46.19,46.4,3677876
20140801,46.33,46.75,46.12,46.57,3256341
20140804,46.68,47.05,46.53,46.95,2858699
20140805,48.39,49.17,48.19,48.56,6292800
20140806,48.21,49.15,48.21,48.64,4574150
20140807,48.77,48.9455,48.43,48.52,2308100
20140808,48.7,49.09,48.39,49.04,2636015
20140811,49.21,49.995,49.18,49.81,2980787
20140812,49.7,49.9,49.38,49.64,2787097
20140813,49.67,50.235,49.57,50.04,3189888
20140814,50.1,50.15,49.8265,49.97,2034226
20140815,50.09,50.3,49.56,49.74,3038175
20140818,49.86,50.01,49.71,49.79,2269848
20140819,49.56,49.94,49.53,49.69,2184093
20140820,49.69,49.885,49.525,49.8,1678805
20140821,49.85,49.94,49.49,49.57,1898217
20140822,49.68,49.79,49.06,49.14,1901964
20140825,49.35,49.6,49.25,49.46,1371934
20140826,49.5,49.66,49.03,49.2,2120311
20140827,49.37,49.76,49.31,49.58,2139886
20140828,49.49,49.9,49.41,49.75,1829959
20140829,49.76,49.92,49.64,49.86,2009748
20140902,49.98,50.56,49.71,50.06,3564326
20140903,50.32,50.41,49.5101,49.93,3214251
20140904,49.92,50.2855,49.805,50.2,3258286
20140905,50.06,50.37,49.97,50.36,2660935
20140908,50.29,50.57,50.26,50.53,1930833
20140909,50.53,50.59,50.311,50.46,2725023
20140910,50.5,50.71,50.38,50.67,1883649
20140911,50.62,50.94,50.52,50.92,2943337
20140912,50.84,50.84,50.19,50.41,2096401
20140915,50.45,50.5825,50.32,50.56,1633411
20140916,50.44,51.41,50.4,51.26,2388549
20140917,51.17,51.39,50.87,51.2,2165782
20140918,51.3,52.36,51.25,52.06,3509386
20140919,52.32,52.32,51.69,51.69,3592901
20140922,51.56,51.8,51.22,51.46,2026489
20140923,51.2,51.31,50.75,50.77,1828116
20140924,50.79,51.54,50.79,51.46,1756290
20140925,51.34,51.34,50.4,50.48,2087662
20140926,50.58,51.04,50.375,50.87,1681388
20140929,50.49,51.455,50.48,51.3,2148061
20140930,51.25,51.39,50.99,51.1,1959384
20141001,51.17,51.32,50.38,50.4,4005610
20141002,50.5,51.09,50.425,50.53,2719044
20141003,50.72,51.295,50.47,51.11,3708049
20141006,51.2,51.25,50.43,50.59,3073530
20141007,50.4,50.665,49.53,49.57,5138701
20141008,49.5,49.65,47.08,48.02,12130119
20141009,47.89,48.16,47.06,47.13,6596609
20141010,47.08,47.42,46.143,46.36,5242956
20141013,46.36,46.46,44.685,44.76,5230269
20141014,44.87,45.04,42.995,43.08,8970340
20141015,42.31,43.12,41.63,42.98,8480556
20141016,42.53,43.47,42.37,43.17,4996124
20141017,43.67,44.99,43.41,44.5,6526060
20141020,44.45,45.61,44.42,45.4,4476442
20141021,45.61,45.97,45.48,45.7,3397937
20141022,45.84,46.23,45.69,45.76,2982516
20141023,46.27,46.535,45.405,45.54,2949851
20141024,45.58,45.78,45.18,45.58,2222496
20141027,45.51,45.51,44.42,44.62,3594245
20141028,44.98,45.73,44.81,45.69,3114916
20141029,45.77,46.2,45.44,45.82,2588552
20141030,45.73,46.62,45.62,46.58,2983101
20141031,47.0,47.26,46.67,47.0,3010476
20141103,47.24,47.6,47.05,47.25,3445302
20141104,49.05,49.75,48.6,49.54,5273590
20141105,50.45,50.52,49.85,50.31,4307002
20141106,50.35,50.66,49.94,49.97,3388384
20141107,49.89,50.67,49.89,50.55,2311480
20141110,50.69,50.78,50.37,50.77,2058919
20141111,50.91,51.38,50.81,51.12,2028541
20141112,50.98,51.0,50.46,50.71,2241879
20141113,51.0,51.16,50.33,50.81,2555458
20141114,50.92,51.36,50.78,51.35,2735786
20141117,51.26,52.15,51.15,51.99,2893892
20141118,51.91,52.25,51.78,52.01,2484534
20141119,52.0,52.28,51.79,52.22,2031634
20141120,51.94,52.63,51.82,52.57,2226305
20141121,53.06,53.535,52.41,52.71,3666031
20141124,52.74,53.33,52.61,52.95,2709607
20141125,52.86,53.33,52.62,52.93,2929925
20141126,53.03,53.37,52.93,53.18,1875576
20141128,53.38,53.41,52.66,52.68,3007604
20141201,52.66,52.932,51.87,52.46,4437576
20141202,52.74,53.61,52.74,53.31,4839075
20141203,53.33,53.79,53.2,53.71,4796011
20141204,53.27,53.91,52.55,52.78,3949012
20141205,52.75,53.27,52.68,53.25,3746479
20141208,53.3,53.52,52.32,52.46,4513257
20141209,52.29,53.38,51.89,53.04,4449596
20141210,52.72,52.94,51.14,51.27,4358824
20141211,51.5,52.06,50.7,50.9,4036465
20141212,50.46,51.09,49.81,49.85,3865162
20141215,50.11,50.46,49.42,49.83,3497869
20141216,50.05,50.76,49.28,49.32,3738731
20141217,49.39,50.08,49.19,49.64,4852150
20141218,50.25,51.21,50.215,51.16,4828603
20141219,51.41,52.78,51.3,52.24,7178705
20141222,52.4,52.8997,52.13,52.72,3237015
20141223,52.89,53.69,52.53,53.17,4090426
20141224,53.16,53.55,53.09,53.11,1729903
20141226,53.09,53.635,53.03,53.42,1322480
20141229,53.25,53.5,52.85,53.13,1755807
20141230,53.15,53.39,52.68,52.89,2227484
20141231,52.9,52.95,51.87,52.0,2595197
20150102,52.2,52.6,51.59,52.02,2039815
20150105,51.45,51.68,49.98,50.22,3827982
20150106,50.46,50.49,48.94,49.23,4855680
20150107,49.7,50.26,49.62,49.97,2849479
20150108,49.29,49.6,48.54,49.24,7469615
20150109,49.47,49.69,48.8,48.82,3692873
20150112,49.0,49.0,47.98,48.21,3871563
20150113,48.33,49.08,47.87,48.28,4434688
20150114,47.67,48.09,46.85,47.45,4244737
20150115,47.34,47.77,46.85,47.21,4258627
20150116,47.1,47.76,46.9,47.68,3151252
20150120,47.19,47.47,46.57,47.2,5359939
20150121,47.1,48.04,46.913,47.7,3987692
20150122,47.99,48.47,47.53,48.08,4547980
20150123,47.91,48.3,47.56,47.87,2980848
20150126,47.68,48.52,47.5,48.29,3147824
20150127,47.96,48.65,47.75,48.28,3217429
20150128,48.3,48.6,47.42,47.49,3277861
20150129,47.57,48.04,46.8901,47.92,3678945
20150130,47.63,47.86,46.56,46.63,5406781
20150202,46.79,48.195,46.72,48.17,6479474
20150203,47.36,48.9,46.21,48.76,7107564
20150204,48.4,48.4,45.87,46.15,9231158
20150205,46.55,48.72,46.55,48.68,7981700
20150206,48.7,48.8099,47.455,47.56,3644114
20150209,47.42,47.76,47.2301,47.38,4626106
20150210,47.91,47.91,47.21,47.58,3481725
20150211,47.23,47.46,46.37,46.92,3692270
20150212,46.8,47.62,46.75,47.44,4750089
20150213,47.34,48.24,47.34,48.1,4074690
20150217,48.14,48.17,47.42,47.77,3611658
20150218,47.67,48.1,47.535,47.71,2713582
20150219,47.5,48.1,47.41,47.78,2351088
20150220,47.72,48.2,47.02,48.15,2704333
20150223,48.25,48.35,47.95,48.26,1974027
20150224,48.21,48.8,47.9986,48.65,2418759
20150225,48.59,48.79,47.92,48.1,2965465
20150226,48.28,48.29,47.4,47.55,2940917
20150227,47.49,48.13,47.49,47.88,2863415
20150302,47.82,47.89,47.02,47.85,3705040
20150303,47.52,47.7,47.02,47.52,3369324
20150304,47.37,47.43,46.73,47.08,3419005
20150305,47.3,47.54,46.63,47.48,4734767
20150306,47.0,47.23,46.09,46.25,3877962
20150309,46.21,46.6,45.76,46.39,2409064
20150310,45.92,46.21,45.45,45.52,3299264
20150311,45.68,45.775,45.145,45.5,3321992
20150312,45.8,46.71,45.8,46.64,3547424
20150313,46.42,46.51,45.64,46.3,2831736
20150316,46.36,46.56,45.91,46.49,2911817
20150317,46.3,46.445,45.84,46.25,2942383
20150318,46.22,47.395,45.74,47.17,4289846
20150319,47.05,47.11,46.06,46.49,2922699
20150320,46.69,47.51,46.53,46.95,6713678
20150323,47.07,47.72,47.07,47.13,4700705
20150324,47.2,47.62,46.96,46.96,3167351
20150325,47.16,47.59,46.68,46.71,3547639
20150326,46.57,47.05,46.28,46.3,3803159
20150327,46.28,46.64,46.17,46.46,3834700
20150330,46.76,47.615,46.56,47.42,2775090
20150331,47.06,47.61,46.99,47.4,4967987
20150401,47.45,47.7,47.23,47.43,5544788
20150402,47.47,48.34,47.34,47.35,5836027
20150406,47.36,48.55,47.34,48.33,3385154
20150407,48.39,48.64,48.14,48.16,2477333
20150408,48.19,48.65,48.05,48.33,2996122
20150409,48.17,48.28,47.71,47.9,4275498
20150410,47.97,48.325,47.69,47.96,3263441
20150413,47.9,48.39,47.83,47.88,2691086
20150414,47.95,48.23,47.6,48.01,2143915
20150415,48.28,48.49,47.9574,48.4,4036427
20150416,48.19,48.48,48.1,48.3,4242320
20150417,47.85,48.3,47.82,48.28,3741255
20150420,48.35,48.75,48.27,48.3,1922726
20150421,48.32,48.53,47.905,47.94,2321857
20150422,47.93,48.24,47.69,48.1,2069227
20150423,47.93,48.54,47.85,48.27,2298024
20150424,48.39,48.59,48.095,48.21,2774407
20150427,48.35,48.75,48.3,48.61,2489630
20150428,48.45,48.81,48.32,48.78,2278226
20150429,48.69,49.15,48.44,48.95,3186304
20150430,48.88,49.43,48.66,48.88,4257577
20150501,48.91,49.93,48.91,49.78,5681176
20150504,49.78,50.49,49.78,50.32,3786827
20150505,50.42,50.76,49.77,50.35,4623523
20150506,50.45,50.46,49.34,49.94,4389037
20150507,50.14,50.82,49.79,50.32,4169901
20150508,50.79,51.38,50.78,51.25,2793270
20150511,51.09,51.705,51.0,51.6,4158859
20150512,51.25,52.37,51.13,51.92,4873928
20150513,52.16,52.74,51.765,52.16,4037102
20150514,52.51,52.97,52.31,52.88,2964692
20150515,52.79,53.16,52.53,53.04,2304361
20150518,52.8,53.245,52.67,53.13,3097435
20150519,52.88,52.91,52.21,52.52,2739949
20150520,52.53,52.89,52.41,52.43,2703366
20150521,52.33,53.07,52.29,52.92,2991118
20150522,52.77,52.93,52.39,52.67,1838466
20150526,52.59,52.59,52.07,52.15,3018030
20150527,52.16,53.23,52.05,53.17,4035361
20150528,53.0,53.01,52.365,52.66,2119934
20150529,52.81,53.26,52.6,52.85,5441743
20150601,52.89,53.31,52.43,53.03,3343132
20150602,52.94,53.02,52.55,52.76,2389048
20150603,52.93,52.93,52.21,52.46,2567189
20150604,52.05,52.23,51.31,51.39,4997320
20150605,51.27,51.385,50.82,51.01,3497773
20150608,51.15,51.55,50.81,51.01,2706393
20150609,51.09,51.465,50.99,51.01,2761278
20150610,51.07,52.25,51.07,52.21,3022783
20150611,52.17,52.69,51.995,52.06,2827490
20150612,51.79,51.97,51.58,51.91,2289962
20150615,51.42,51.56,51.12,51.27,2869904
20150616,51.34,51.6,51.28,51.45,2369344
20150617,51.04,51.79,50.26,50.94,4589102
20150618,51.17,51.65,51.17,51.37,3274983
20150619,51.25,51.665,51.25,51.5,4952903
20150622,51.73,52.0299,51.62,51.99,2576499
20150623,52.19,52.42,51.85,52.0,2500406
20150624,51.91,52.01,51.42,51.45,2314792
20150625,51.62,51.62,50.66,50.7,2570736
20150626,50.64,50.99,49.53,49.57,5016793
20150629,49.34,49.67,48.43,48.45,4376174
20150630,48.87,49.19,48.19,48.22,5618125
20150701,48.71,48.8899,48.38,48.64,3320769
20150702,48.82,49.01,48.34,48.65,3063015
20150706,48.16,48.595,47.83,48.09,4228565
20150707,48.11,48.32,46.725,48.14,6457734
20150708,47.97,48.13,47.46,47.51,4080781
20150709,47.75,48.04,46.93,47.09,6044975
20150710,47.72,47.77,47.125,47.21,3145992
20150713,47.55,47.74,47.34,47.5,2209714
20150714,47.5,47.86,47.43,47.79,2569294
20150715,47.77,47.84,47.22,47.46,2448775
20150716,47.86,48.01,47.62,47.85,2663251
20150717,47.7,48.05,47.31,48.02,4244154
20150720,48.04,48.26,47.76,48.04,4087971
20150721,47.98,48.11,47.33,47.49,2744511
20150722,47.44,47.905,47.43,47.68,2698372
20150723,47.7,48.38,47.7,48.02,2618483
20150724,47.9,47.99,47.05,47.19,2528816
20150727,46.93,47.29,46.81,47.26,2743122
20150728,47.41,48.385,47.2,48.35,3955790
20150729,47.93,48.265,47.83,48.13,4254358
20150730,47.71,47.9,47.32,47.82,3660749
20150731,48.11,48.22,47.36,47.42,3958976
20150803,47.42,48.15,47.4,47.7,4280692
20150804,47.53,49.5,47.28,48.41,5119498
20150805,48.72,48.74,47.69,48.22,4586067
20150806,48.4,48.47,47.45,47.95,3282334
20150807,47.77,47.85,46.3,46.42,3996624
20150810,46.7,46.8687,46.3,46.53,4121607
20150811,46.2,46.26,45.59,46.07,4087123
20150812,45.69,46.94,45.39,46.89,5159553
20150813,46.88,47.78,46.84,47.51,4254353
20150814,47.23,47.43,47.05,47.2,3130881
20150817,46.48,47.585,46.24,47.51,4229460
20150818,47.31,48.165,47.28,47.68,3695933
20150819,47.4,47.495,46.59,46.72,3619913
20150820,46.23,46.75,46.11,46.2,3349558
20150821,45.84,46.24,45.09,45.12,4987415
20150824,42.84,44.545,42.53,43.55,7160219
20150825,44.39,44.56,42.98,43.01,5854948
20150826,43.9,44.1064,43.12,43.99,4454015
20150827,44.27,45.17,44.09,44.83,4738309
20150828,44.68,45.01,44.38,44.65,4256589
20150831,44.45,45.06,44.25,44.99,4074275
20150901,43.98,44.18,43.11,43.34,4911971
20150902,43.8,43.97,43.18,43.62,3242918
20150903,43.87,44.42,43.64,43.75,3680635
20150904,43.35,43.46,42.65,42.9,3058977
20150908,43.71,43.74,43.17,43.7,3062108
20150909,44.16,44.33,42.92,42.99,3130639
20150910,42.82,43.48,42.71,43.06,2900956
20150911,42.98,43.05,42.545,42.82,3410880
20150914,42.9,43.06,42.745,42.93,3205799
20150915,43.21,43.64,42.86,43.47,3811293
20150916,43.66,44.22,43.41,44.19,2991145
20150917,44.18,44.9,44.02,44.25,3718277
20150918,43.46,43.99,43.15,43.23,6194903
20150921,43.5,43.76,43.23,43.38,3159947
20150922,42.8,42.84,42.16,42.45,2775200
20150923,42.41,42.55,41.93,42.06,2725386
20150924,41.86,42.26,41.31,42.02,4725202
20150925,42.5,43.0437,42.27,42.5,3433824
20150928,42.14,42.31,41.0,41.09,4273411
20150929,41.2,41.26,40.655,41.02,4655485
20150930,41.49,41.77,41.22,41.45,4722543
20151001,41.69,41.95,41.055,41.46,3802323
20151002,41.06,42.44,40.92,42.42,3009323
20151005,42.7,43.71,42.7,43.64,3634341
20151006,43.55,43.79,43.29,43.64,3224853
20151007,43.91,44.82,43.71,44.31,3898286
20151008,44.28,45.205,44.04,45.13,3153665
20151009,45.07,45.53,45.03,45.42,3062899
20151012,45.33,45.52,45.15,45.44,2013013
20151013,45.17,45.5001,44.85,44.92,2630403
20151014,44.85,45.41,44.66,44.96,2024129
20151015,45.18,45.56,44.94,45.56,2557542
20151016,45.65,45.98,45.25,45.96,3236326
20151019,45.82,46.045,45.6,45.97,2767062
20151020,45.81,45.98,45.51,45.7,2724690
20151021,45.74,45.83,45.25,45.29,2727925
20151022,45.51,46.885,45.46,46.7,3118921
20151023,46.93,46.98,46.5,46.89,2490029
20151026,46.81,46.89,46.305,46.39,1792898
20151027,46.21,46.41,45.73,46.24,2506487
20151028,46.17,47.03,46.13,46.8,2086086
20151029,46.64,46.725,45.46,45.53,4298102
20151030,45.65,46.09,45.45,45.66,3565950
20151102,45.81,46.29,45.05,46.28,2975324
20151103,43.33,43.64,41.74,43.15,11417836
20151104,43.06,43.17,42.34,43.02,7007000
20151105,42.95,43.21,42.43,43.07,5405648
20151106,42.79,43.05,41.97,42.13,5716830
20151109,41.89,42.03,41.25,41.52,5039384
20151110,41.3,41.64,40.56,40.63,4419393
20151111,40.84,40.84,40.26,40.51,3651166
20151112,40.22,40.3,38.49,38.51,8312214
20151113,38.41,38.86,37.69,37.76,6555957
20151116,37.59,38.42,37.55,38.24,4626384
20151117,38.34,38.3999,37.14,37.2,4767500
20151118,37.42,37.68,37.01,37.41,7977507
20151119,37.41,37.53,36.28,36.43,5944681
20151120,36.53,36.82,35.6,35.83,9058166
20151123,35.81,37.03,35.75,36.72,6839756
20151124,36.47,36.59,35.71,36.04,7754705
20151125,36.01,36.75,35.98,36.47,5281852
20151127,36.43,36.57,36.26,36.46,2339585
20151130,36.53,36.62,36.1,36.49,6508142
20151201,36.8,37.02,36.44,36.7,7012643
20151202,36.6,36.8699,36.45,36.52,6257961
20151203,36.48,36.74,35.41,35.61,9034539
20151204,35.67,36.14,35.6,35.97,4936896
20151207,35.97,36.02,35.2175,35.41,4294288
20151208,35.16,35.61,34.88,35.27,4722862
20151209,35.01,36.02,35.0,35.41,5050735
20151210,35.41,35.69,35.04,35.09,5404299
20151211,34.6,34.65,34.11,34.22,4814593
20151214,34.19,34.51,33.84,34.18,4512721
20151215,34.44,35.1,34.4,34.86,4819980
20151216,34.92,35.46,34.54,35.4,5298914
20151217,35.33,35.45,34.27,34.29,4872309
20151218,34.12,35.13,33.94,35.0,12373731
20151221,35.23,35.74,35.05,35.31,4587858
20151222,35.47,36.59,35.42,36.41,5666162
20151223,36.65,37.17,36.34,36.68,4924485
20151224,36.68,36.875,36.47,36.65,1250976
20151228,36.66,36.73,36.09,36.5,2336866
20151229,36.59,37.15,36.57,37.09,2694597
20151230,37.0,37.17,36.7701,36.88,2380452
20151231,36.64,36.9,36.4501,36.68,2668072
20160104,36.11,36.15,35.4,35.84,4040773
20160105,35.82,36.27,35.41,36.24,3863221
20160106,35.72,35.825,35.25,35.36,6072630
20160107,34.91,35.09,34.33,34.52,4820544
20160108,34.76,35.0963,34.31,34.39,4130773
20160111,34.54,34.73,33.94,34.16,5647217
20160112,34.56,34.66,33.77,34.27,3445742
20160113,34.34,34.55,33.42,33.47,4468066
20160114,33.42,33.675,32.76,33.36,5574578
20160115,32.6,32.62,31.16,31.51,8763707
20160119,31.94,32.05,30.29,30.51,8756914
20160120,30.25,31.71,29.86,31.29,9252507
20160121,31.26,32.48,31.2,31.92,6085401
20160122,32.52,33.37,32.49,33.23,5279560
20160125,32.9,33.0,32.36,32.43,5782959
20160126,32.88,33.65,32.49,33.63,4390895
20160127,33.5,34.46,33.42,33.74,5023541
20160128,34.16,34.95,33.98,34.7,5351162
20160129,34.86,35.5451,34.75,35.35,8608248
20160201,34.77,35.64,34.31,35.46,6364670
20160202,33.52,33.6,32.28,32.36,11075670
20160203,32.56,33.8,32.47,33.44,8002876
20160204,33.44,34.6898,33.34,34.25,6612344
20160205,34.28,34.51,33.925,34.07,5416678
20160208,34.4,34.73,33.05,33.3,5061322
20160209,33.44,33.68,32.56,33.58,6369366
20160210,33.61,34.07,33.15,33.18,4301040
20160211,32.27,32.83,31.5,31.63,6931847
20160212,31.69,32.48,31.3,32.45,4441533
20160216,32.96,33.82,32.85,33.62,4068622
20160217,33.74,34.12,33.3,33.4,3362314
20160218,33.4,33.99,33.24,33.9,3732482
20160219,33.66,33.78,32.31,32.65,5502343
20160222,32.89,33.895,32.8,33.79,4324435
20160223,33.77,34.42,33.37,33.79,3444311
20160224,33.55,33.91,33.08,33.85,3769583
20160225,34.04,34.74,33.75,34.62,3580361
20160226,34.72,35.1,34.5,34.79,3803243
20160229,34.79,35.41,34.55,34.96,5092115
20160301,35.13,35.62,34.56,35.48,4412936
20160302,35.28,35.91,35.19,35.83,3392319
20160303,36.17,36.86,35.74,36.83,4054828
20160304,36.9,37.99,36.9,37.65,5268827
20160307,37.17,37.29,36.85,37.14,3599712
20160308,37.03,37.27,35.57,36.03,4266877
20160309,36.28,36.44,35.8,36.06,3015826
20160310,36.11,36.35,35.36,35.77,3242267
20160311,36.17,36.625,36.1,36.6,2634430
20160314,36.4,36.89,36.2,36.71,3183766
20160315,36.3,36.67,36.14,36.56,2917528
20160316,36.38,37.59,36.38,37.46,3620067
20160317,37.51,38.76,37.51,38.2,4384779
20160318,38.33,38.96,37.91,38.07,6360708
20160321,37.85,38.28,37.72,38.17,3301971
20160322,37.9,37.95,37.55,37.61,2265198
20160323,37.48,37.59,36.55,36.6,4072995
20160324,36.3,36.73,35.83,36.47,3465879
20160328,36.6,36.71,36.24,36.35,2637737
20160329,36.44,36.98,36.22,36.87,2657318
20160330,37.01,37.2,36.26,36.62,2872568
20160331,36.69,36.75,35.975,36.31,3770980
20160401,36.05,36.51,35.38,36.47,3167066
20160404,36.33,36.53,35.95,36.04,2650479
20160405,35.57,35.57,34.55,35.11,5540991
20160406,35.09,35.55,34.79,35.54,3241559
20160407,35.35,36.22,35.294,35.72,3302739
20160408,36.12,36.54,35.945,36.09,2318991
20160411,36.12,36.645,35.97,36.0,2505603
20160412,36.04,36.9,36.03,36.83,2202359
20160413,37.06,37.3,36.98,37.14,2756452
20160414,37.02,37.11,36.35,36.59,2842654
20160415,36.64,37.33,36.52,37.3,3092216
20160418,37.1,37.815,36.88,37.71,3523891
20160419,37.98,38.58,37.835,38.23,3142462
20160420,38.25,38.995,38.07,38.87,4224948
20160421,39.0,39.163,38.2,38.35,3701165
20160422,38.79,39.63,38.64,39.62,4194405
20160425,39.37,39.4597,38.905,39.26,3022892
20160426,39.5,40.0,39.19,39.73,4037864
20160427,39.74,40.09,39.42,39.91,3090488
20160428,39.86,40.62,39.72,40.07,4531692
20160429,39.87,40.11,39.495,39.94,4854144
20160502,39.59,40.545,39.55,40.26,5965239
20160503,39.95,40.65,39.03,39.1,5170753
20160504,39.01,39.37,38.56,38.72,4318331
20160505,38.87,39.23,37.955,38.08,3934383
20160506,38.05,38.36,37.87,38.2,2528646
20160509,38.23,38.39,37.36,37.73,4166589
20160510,37.95,38.43,37.95,38.4,2864984
20160511,38.27,38.48,37.9,37.96,2921038
20160512,38.25,38.79,38.04,38.54,3288504
20160513,38.41,38.43,37.45,37.64,3219625
20160516,37.28,37.9,37.18,37.65,2145742
20160517,37.44,37.89,37.36,37.49,2708444
20160518,37.2,37.82,37.08,37.51,3019496
20160519,37.3,38.38,37.0,38.37,4223294
20160520,38.59,40.13,38.54,39.83,6354545
20160523,39.73,40.75,39.63,40.44,4964884
20160524,41.23,42.14,41.0,42.05,6777611
20160525,42.29,42.73,42.13,42.48,4010675
20160526,42.97,43.54,42.66,43.07,3557160
20160527,43.3,43.54,42.82,43.23,3206455
20160531,43.33,43.54,42.67,42.77,4692678
20160601,42.63,42.95,42.38,42.83,6466640
20160602,42.77,43.73,42.61,43.47,4760893
20160603,43.43,43.87,43.37,43.6,4518449
20160606,43.84,44.14,43.575,43.67,2995014
20160607,43.79,43.88,43.5,43.66,2508775
20160608,43.86,44.1,43.6,43.82,3194714
20160609,43.63,43.95,43.225,43.83,3901909
20160610,43.44,43.56,42.74,43.03,3327436
20160613,42.73,42.96,41.78,41.82,4423718
20160614,41.71,42.15,41.36,41.78,2708356
20160615,41.83,42.515,41.785,42.15,3160421
20160616,41.88,42.135,41.56,42.05,2618147
20160617,41.87,42.705,41.87,42.31,4035611
20160620,42.83,42.96,42.44,42.45,2998542
20160621,42.6,42.64,41.79,41.94,4071222
20160622,42.03,42.345,41.95,42.0,2894513
20160623,42.43,42.76,42.43,42.71,1955653
20160624,41.2,41.6399,40.4,40.5,5485955
20160627,40.09,40.19,39.01,39.14,5064585
20160628,39.74,40.57,39.6,40.56,4241323
20160629,41.02,41.73,41.0,41.58,3921195
20160630,41.7,42.9,41.64,42.89,4139163
20160701,42.99,43.025,42.35,42.61,2998128
20160705,42.33,42.38,41.57,41.95,4844062
20160706,41.67,42.23,41.21,42.12,5464706
20160707,42.25,42.85,41.9,42.12,2600433
20160708,42.51,43.51,42.51,43.48,3348249
20160711,43.54,43.73,43.14,43.16,2358621
20160712,43.23,43.57,42.76,43.29,2699889
20160713,43.25,43.41,42.845,43.1,2697629
20160714,43.35,43.6,43.14,43.48,2840197
20160715,43.55,44.0,43.4,43.95,2898729
20160718,44.0,44.31,43.92,44.25,2387194
20160719,44.0,44.08,43.33,43.48,2751896
20160720,43.33,43.565,43.0,43.39,2705352
20160721,43.35,43.865,43.2,43.39,2366485
20160722,43.4,43.8,43.26,43.72,1899995
20160725,43.61,43.79,43.5,43.6,1716399
20160726,43.64,44.12,43.63,43.87,2139067
20160727,43.87,44.17,43.555,43.9,2383083
20160728,44.02,45.0,43.8,44.94,4282567
20160729,44.74,45.39,44.74,45.08,4834151
20160801,44.58,44.74,43.7,44.24,4549433
20160802,43.05,44.61,42.88,43.45,4718167
20160803,43.45,43.93,42.91,43.93,3182040
20160804,44.37,44.49,43.42,43.74,2843768
20160805,43.82,44.6,43.71,44.45,2839509
20160808,44.57,45.045,44.43,44.52,2234423
20160809,44.64,44.73,44.23,44.38,2077140
20160810,44.48,44.82,44.16,44.31,1741977
20160811,44.4,44.43,43.74,43.93,2284259
20160812,43.85,44.2,43.54,44.08,2177321
20160815,43.56,44.13,43.49,43.77,1847581
20160816,43.55,43.76,43.4102,43.47,1623575
20160817,43.47,43.7,43.16,43.63,2183148
20160818,43.69,43.96,43.51,43.57,2053506
20160819,43.4,43.635,43.17,43.48,2120395
20160822,43.44,43.83,43.29,43.8,1952348
20160823,43.99,44.43,43.9,44.12,2033276
20160824,44.03,44.03,43.1901,43.32,1899076
20160825,43.22,43.22,42.5,42.56,2872290
20160826,42.84,43.0,42.19,42.39,1977219
20160829,42.61,43.01,42.28,42.84,1735404
20160830,42.89,43.385,42.865,43.21,2301698
20160831,43.24,43.805,43.03,43.76,3211624
20160901,43.68,43.76,42.915,43.14,2274913
20160902,43.37,43.825,43.37,43.82,2011216
20160906,43.85,44.0,43.49,43.94,1671379
20160907,43.76,44.04,43.66,44.02,2048234
20160908,43.87,43.89,43.17,43.24,2821893
20160909,42.82,42.945,42.02,42.02,3088312
20160912,41.91,43.07,41.54,42.96,2619087
20160913,42.66,42.74,41.9,42.0,2693571
20160914,42.05,42.5,41.77,41.98,2682110
20160915,41.94,42.365,41.75,42.28,2264444
20160916,41.99,42.07,41.7301,42.03,3105520
20160919,42.25,42.5,42.12,42.18,1606759
20160920,42.39,42.39,41.94,42.15,2381152
20160921,42.32,43.005,42.32,42.81,3072139
20160922,43.08,43.32,42.77,42.98,3094858
20160923,42.76,42.93,42.47,42.47,1876117
20160926,42.28,42.31,41.87,41.9,1540430
20160927,41.65,41.9,41.355,41.89,2363748
20160928,41.89,42.11,41.425,41.85,2651759
20160929,41.81,42.16,41.375,41.53,2146245
20160930,41.7,42.39,41.59,42.17,2848458
20161003,41.98,42.97,41.95,42.9,3024587
20161004,42.8,43.515,42.7,42.79,3343554
20161005,42.79,43.46,42.66,43.27,2629671
20161006,43.07,43.46,43.03,43.16,2433860
20161007,43.2,43.2599,42.485,42.65,1782482
20161010,42.91,43.32,42.855,43.27,1885862
20161011,43.17,43.28,42.07,42.34,2316559
20161012,42.32,42.65,42.1,42.39,1823783
20161013,41.96,42.5289,41.63,42.25,2155561
20161014,42.42,42.85,42.13,42.13,1790042
20161017,42.13,42.295,41.785,41.85,2054731
20161018,42.24,42.38,41.97,41.98,2143688
20161019,41.96,42.27,41.49,42.22,1797611
20161020,42.12,42.51,41.985,42.18,2044776
20161021,41.92,42.43,41.61,42.32,1721734
20161024,42.6,42.97,42.3701,42.51,1324330
20161025,42.62,42.83,42.38,42.53,1879561
20161026,42.42,43.45,42.31,43.28,2856310
20161027,43.37,43.42,42.7577,43.08,2156683
20161028,43.17,43.96,43.0956,43.59,2628577
20161031,43.7,44.2,43.51,43.57,3867303
20161101,45.37,47.34,45.355,46.75,9705990
20161102,46.75,47.88,46.66,47.26,6221043
20161103,47.05,47.87,47.05,47.43,4376488
20161104,47.38,47.55,46.89,46.92,2804080
20161107,47.46,47.59,46.93,47.05,3425947
20161108,46.95,47.875,46.93,47.72,3131985
20161109,46.84,46.92,45.07,46.28,5372568
20161110,46.42,46.5708,45.0499,45.18,3959864
20161111,43.57,43.79,41.6,41.73,7004536
20161114,41.58,42.97,41.44,42.88,5139734
20161115,42.86,43.52,42.85,43.49,4292804
20161116,43.68,43.68,42.76,43.26,3435910
20161117,43.28,43.3542,42.76,43.0,3595439
20161118,42.92,43.61,42.92,43.49,3289861
20161121,43.38,43.97,43.38,43.65,2727715
20161122,43.86,43.92,43.205,43.51,2733564
20161123,43.57,43.64,42.92,43.25,4138631
20161125,43.47,43.57,43.24,43.55,1776687
20161128,43.51,43.69,42.99,43.11,2867335
20161129,43.17,43.25,42.61,42.77,3203893
20161130,42.86,43.47,42.85,43.23,3529343
20161201,43.15,44.4,43.15,44.31,3983866
20161202,44.42,44.745,43.92,44.0,3289978
20161205,44.12,44.35,43.5,43.9,2925478
20161206,44.0,45.0,43.99,44.68,3397817
20161207,44.66,45.26,44.54,45.2,4164253
20161208,45.04,46.05,44.98,45.97,3303444
20161209,45.93,46.56,45.53,46.56,2997085
20161212,46.62,47.15,46.56,47.02,2925700
20161213,46.75,47.27,46.33,46.4,4033791
20161214,46.4,46.57,45.35,45.59,3510720
20161215,45.39,46.07,45.14,45.74,2699441
20161216,45.73,46.53,45.63,46.51,5880606
20161219,46.49,46.68,45.8101,46.07,3189794
20161220,46.38,46.38,45.68,46.22,3231137
20161221,46.26,46.48,46.0,46.13,3219797
20161222,46.14,46.21,44.99,45.18,3197571
20161223,45.2,45.49,45.015,45.15,2227009
20161227,45.22,45.72,45.17,45.65,1558063
20161228,45.67,45.78,45.25,45.34,1787453
20161229,45.27,45.72,45.25,45.36,1952548
20161230,45.42,45.69,45.03,45.65,2522323
20170103,45.69,46.25,45.55,46.19,3614876
20170104,46.38,46.54,45.44,46.11,3473265
20170105,46.1,46.4,45.71,45.77,3364128
20170106,45.02,45.02,43.84,44.72,4396325
20170109,44.51,45.31,44.4,44.75,3543135
20170110,44.8,45.41,44.395,44.46,3636988
20170111,43.75,44.26,43.15,44.01,5321965
20170112,44.04,44.21,43.34,43.44,3625693
20170113,43.55,43.78,43.33,43.56,2164863
20170117,43.78,44.74,43.58,44.69,4411674
20170118,44.74,45.22,44.7,44.95,2989290
20170119,44.96,45.03,44.265,44.5,2834854
20170120,44.67,45.21,44.26,44.73,2395321
20170123,44.62,44.73,44.13,44.71,1973308
20170124,44.76,45.46,44.6,44.66,3245054
20170125,44.9,45.45,44.87,45.2,3367809
20170126,45.05,45.3371,44.49,44.55,2577607
20170127,44.56,44.895,44.28,44.52,2054732
20170130,44.51,44.5899,43.69,44.13,2572732
20170131,44.18,44.33,43.32,44.26,5041055
20170201,44.48,44.55,43.59,43.77,2486192
20170202,43.87,44.13,43.49,43.99,3624670
20170203,44.18,44.39,43.905,43.99,3292395
20170206,44.09,44.35,43.8,44.02,3890622
20170207,42.96,45.05,41.74,44.59,7474357
20170208,44.71,44.76,43.19,43.46,4308450
20170209,43.6,43.98,43.43,43.54,3120642
20170210,43.67,43.89,43.47,43.83,2356519
20170213,43.9,44.05,43.08,43.71,2978973
20170214,43.74,43.87,43.27,43.73,2734320
20170215,43.85,44.58,43.72,44.47,4060952
20170216,44.26,44.55,43.9,44.1,4259718
20170217,44.07,44.69,43.978,44.69,2809757
20170221,44.55,45.2,44.51,44.81,5068477
20170222,44.59,44.92,44.425,44.72,3271482
20170223,44.8,45.265,44.4909,45.09,3290850
20170224,44.84,45.26,44.74,45.26,2371286
20170227,45.13,45.43,44.72,45.37,3026872
20170228,45.5,47.42,45.4,46.97,8689586
20170301,47.25,47.44,46.5,46.51,4033451
20170302,46.54,46.58,45.43,45.48,3393056
20170303,45.53,45.72,45.04,45.2,3037707
20170306,45.08,45.14,44.64,44.76,2469489
20170307,44.75,44.97,44.46,44.46,2362859
20170308,44.47,44.95,43.86,43.99,3156837
20170309,44.1,44.51,44.1,44.42,2822556
20170310,44.63,45.12,44.61,45.04,2217295
20170313,45.0,45.13,44.59,44.7,2273292
20170314,44.7,44.86,44.41,44.67,1946274
20170315,44.71,45.33,44.505,45.01,2840013
20170316,45.07,45.14,44.39,44.85,3185668
20170317,44.91,45.1,44.685,44.72,4200281
20170320,44.6,44.98,44.01,44.85,3897386
20170321,44.92,45.24,44.67,44.95,3493059
20170322,44.92,45.65,44.92,45.61,2621915
20170323,45.61,46.025,45.4,45.61,1972187
20170324,45.61,45.9,45.42,45.58,1546816
20170327,45.43,45.675,45.095,45.35,1792383
20170328,45.32,45.946,45.24,45.72,2135579
20170329,45.65,46.39,45.59,46.24,2477765
20170330,46.32,46.325,45.95,46.11,2019155
20170331,45.88,46.31,45.88,46.04,2236718
20170403,46.2,46.26,45.535,45.8,2300259
20170404,45.67,45.81,45.215,45.41,2826957
20170405,45.42,45.83,45.095,45.26,2825602
20170406,45.17,45.46,44.92,45.25,2285013
20170407,45.29,45.39,44.88,44.89,1418485
20170410,44.91,45.1996,44.72,44.99,1638380
20170411,44.93,44.93,44.44,44.54,2137169
20170412,44.64,44.9,44.32,44.65,2718389
20170413,44.55,44.58,44.18,44.28,2212785
20170417,44.29,44.75,44.29,44.68,2943964
20170418,44.7,45.83,44.55,45.41,3758397
20170419,45.33,45.48,44.51,44.6,2896765
20170420,44.71,45.08,44.53,44.9,2539257
20170421,45.04,45.3,44.72,44.81,2081117
20170424,45.27,45.6,45.18,45.38,2661425
20170425,45.45,45.88,45.38,45.58,1844102
20170426,45.66,45.69,45.25,45.27,1549057
20170427,45.14,45.86,45.09,45.78,1803760
20170428,45.63,45.81,45.48,45.75,2148487
20170501,45.88,45.91,45.42,45.73,2582690
20170502,43.0,43.99,41.52,41.67,8265654
20170503,41.72,41.86,41.1,41.31,6239580
20170504,41.37,42.85,41.29,42.4,4432483
20170505,42.67,42.84,42.17,42.43,3244159
20170508,42.5,43.1,42.3,42.96,3907631
20170509,42.75,42.82,42.24,42.36,2966259
20170510,42.37,42.47,42.0108,42.29,2489634
20170511,42.3,42.33,41.91,42.03,2181092
20170512,42.13,42.23,41.86,41.96,1557242
20170515,42.03,42.22,41.81,42.14,3052011
20170516,41.96,42.3,41.655,41.9,2251271
20170517,41.67,42.09,41.48,41.52,2470522
20170518,41.45,41.67,41.11,41.31,2394647
20170519,41.37,41.69,41.37,41.5,3678156
20170522,41.55,41.76,41.39,41.5,3082802
20170523,41.55,43.48,41.31,43.04,6886545
20170524,42.48,42.88,42.17,42.55,3701123
20170525,42.54,42.905,42.39,42.62,2038254
20170526,42.56,42.84,42.18,42.45,1888378
20170530,42.22,42.27,42.0,42.11,1834094
20170531,42.29,42.29,41.57,41.58,3390485
20170601,41.05,41.825,40.8,41.82,3497060
20170602,41.95,42.34,41.69,42.22,2568495
20170605,42.11,42.15,41.6,41.94,3422091
20170606,41.87,42.14,41.56,41.95,2485106
20170607,42.04,42.19,41.52,41.91,2787196
20170608,41.8,42.19,41.71,42.01,2325787
20170609,41.81,42.13,41.65,42.02,2306891
20170612,42.07,42.791,41.945,42.43,3481378
20170613,42.43,42.6,42.12,42.36,1931004
20170614,42.43,42.45,41.9,42.05,2410692
20170615,41.98,42.78,41.885,42.36,3278461
20170616,42.26,42.61,41.891,42.56,5352935
20170619,42.4,42.655,41.88,42.44,2857096
20170620,42.39,42.44,41.37,41.48,2756876
20170621,41.41,41.725,41.23,41.25,2560423
20170622,41.25,41.46,41.01,41.03,2543938
20170623,41.08,41.41,40.92,41.16,3692863
20170626,41.27,41.465,41.06,41.3,1856919
20170627,41.36,41.5,41.0,41.0,1884905
20170628,41.25,41.32,40.965,41.14,2230152
20170629,41.14,41.14,40.4,40.63,3514668
20170630,40.88,41.555,40.82,41.38,3158542
20170703,41.48,41.69,41.33,41.46,1438573
20170705,41.35,42.13,41.27,41.8,3301799
20170706,41.7,41.805,41.1,41.1,2724985
20170707,41.26,41.365,41.04,41.24,2365941
20170710,41.24,41.61,40.78,40.81,3020493
20170711,40.68,40.74,40.22,40.29,3443648
20170712,40.49,41.01,40.49,40.9,2771161
20170713,41.07,41.56,40.9,41.38,2318651
20170714,41.49,41.715,41.42,41.48,1541622
20170717,41.46,41.7,41.0,41.6,1819551
20170718,41.46,41.53,41.085,41.18,1947859
20170719,41.25,41.67,41.12,41.28,3574485
20170720,41.26,41.695,40.91,41.42,2521277
20170721,41.38,41.56,41.027,41.26,2716987
20170724,41.27,41.66,41.18,41.38,3581057
20170725,41.55,42.08,41.45,41.96,3078667
20170726,42.06,42.1,41.61,41.71,2376629
20170727,41.7,41.84,41.26,41.78,2978055
20170728,41.75,41.92,41.42,41.78,3125544
20170731,41.93,42.68,41.8,42.18,9333559
20170801,42.64,42.69,42.27,42.59,2595118
20170802,43.1,43.32,42.38,42.49,4236252
20170803,42.57,43.195,42.27,42.62,3389194
20170804,42.64,42.69,42.27,42.59,2595118
20170807,42.65,42.86,42.36,42.44,3246174
20170808,42.44,42.65,42.1,42.24,3065740
20170809,42.29,42.54,42.13,42.49,2316629
20170810,42.34,42.49,42.1,42.12,3733669
20170811,41.78,41.78,41.14,41.26,3784123
20170814,41.38,42.21,41.38,41.95,2967665
20170815,41.68,42.16,41.41,42.05,4097909
20170816,42.21,42.57,41.97,42.15,2589894
20170817,42.07,42.33,41.585,41.67,2412392
20170818,41.66,41.66,41.26,41.27,2283192
20170821,41.28,41.805,41.27,41.56,2617126
20170822,41.54,41.925,41.535,41.72,2857234
20170823,41.63,41.93,41.49,41.77,1865767
20170824,41.75,41.88,41.06,41.08,2746125
20170825,41.38,41.9,41.36,41.75,2216740
20170828,41.75,42.07,41.63,41.77,2466774
20170829,41.79,41.92,41.56,41.74,2379345
20170830,41.66,42.04,41.62,41.86,2160333
20170831,41.71,41.71,41.11,41.32,4198526
20170901,41.37,42.29,41.32,42.2,3007061
20170905,42.29,42.29,41.71,41.94,3015108
20170906,42.0,42.47,41.77,42.4,3675145
20170907,42.47,42.66,42.08,42.59,3525331
20170908,42.52,42.65,42.34,42.37,2387740
20170911,42.61,42.985,42.51,42.79,2208184
20170912,43.0,43.28,42.65,43.21,3019510
20170913,43.2,43.5597,42.97,43.29,2242290
20170914,43.26,43.65,43.2,43.45,2917405
20170915,43.27,43.84,43.25,43.84,5604342
20170918,43.85,44.26,43.65,44.09,3219716
20170919,44.11,44.11,43.44,43.89,2759212
20170920,43.88,43.91,43.2,43.32,2805651
20170921,43.33,43.595,43.26,43.29,2301341
20170922,43.34,43.685,43.32,43.38,1576725
20170925,43.47,43.7,43.28,43.57,2050961
20170926,43.62,43.63,43.41,43.52,2222266
20170927,43.51,43.65,42.74,43.05,3266892
20170928,42.36,43.07,42.36,42.75,3006841
20170929,42.54,42.76,42.31,42.51,2358953
20171002,42.52,42.8,42.335,42.62,2411150
20171003,42.67,42.835,42.57,42.72,2271971
20171004,42.77,43.16,42.695,43.03,2202917
20171005,43.07,43.55,43.0301,43.35,2165119
20171006,43.24,43.27,42.89,43.0,2184290
20171009,42.93,43.04,42.555,42.61,2063533
20171010,42.72,43.035,42.64,43.01,2198106
20171011,42.96,43.3,42.95,43.29,1379733
20171012,43.23,43.54,43.23,43.44,1771856
20171013,43.76,44.42,43.65,44.0,3327416
20171016,43.97,44.04,43.5345,43.7,2606511
20171017,43.62,43.79,43.4,43.67,1271958
20171018,43.67,43.85,43.29,43.31,1995522
20171019,43.17,43.32,42.88,43.31,2126126
20171020,43.43,43.5,43.26,43.49,2024026
20171023,43.5,43.67,43.38,43.57,2244438
20171024,43.57,43.98,43.54,43.73,2746887
20171025,43.6,43.6,42.9,43.49,1672864
20171026,43.67,43.77,42.98,43.01,3256893
20171027,43.03,43.13,42.58,43.07,2682306
20171030,42.91,43.09,42.595,42.81,3280717
20171031,40.74,41.59,39.95,40.87,8963813
20171101,40.97,41.11,40.08,40.62,7011630
20171102,40.5,40.98,40.09,40.16,3717057
20171103,40.13,40.19,39.65,39.78,3157903
20171106,39.73,39.84,39.095,39.27,2881964
20171107,39.27,39.57,39.22,39.54,4562835
20171108,39.65,39.81,39.54,39.8,3273446
20171109,39.69,40.15,39.51,39.6,3908226
20171110,39.49,39.96,39.45,39.93,2591397
20171113,39.93,40.02,39.7,39.74,2524220
20171114,39.72,40.66,39.7,39.79,4733069
20171115,39.26,39.8,38.59,38.96,3783159
20171116,38.98,39.29,38.65,39.19,3283751
20171117,39.05,39.495,39.05,39.42,2608471
20171120,39.37,39.42,39.095,39.2,2965658
20171121,39.27,39.6,39.26,39.34,2105616
20171122,39.33,39.5,39.16,39.24,1876408
20171124,39.39,39.39,39.1,39.14,722686
20171127,39.16,39.205,38.86,39.07,2453351
20171128,38.99,39.14,38.92,39.09,2101009
20171129,39.3,39.92,39.21,39.77,2094116
20171130,39.86,40.15,39.68,39.88,5802978
20171201,39.96,40.85,39.74,40.83,3913239
20171204,40.92,41.32,40.658,41.2,2661736
20171205,41.36,41.5,40.765,40.84,2950737
20171206,40.93,41.31,40.85,41.22,2704417
20171207,41.27,41.81,41.04,41.31,3667805
20171208,41.33,41.53,41.12,41.51,2396307
20171211,41.4,41.91,41.3,41.9,2604869
20171212,41.95,42.225,41.75,41.77,3834622
20171213,41.69,41.7,39.95,40.05,5374077
20171214,39.97,40.12,39.52,39.57,4410144
20171215,39.85,40.96,39.775,40.56,9689797
20171218,40.51,40.7,40.18,40.22,3431788
20171219,40.46,40.55,40.13,40.13,2916230
20171220,40.16,40.27,39.78,39.87,3053120
20171221,39.89,40.3,39.79,40.09,2628182
20171222,40.25,40.4059,40.09,40.19,1728787
20171226,40.22,40.5,40.17,40.26,1301973
20171227,40.34,40.42,40.09,40.24,1289620
20171228,40.21,40.29,40.04,40.27,1629966
20171229,40.15,40.4,40.0339,40.08,2486985
20180102,40.2,40.2,39.62,40.09,3670758
20180103,40.15,40.17,39.75,39.78,2815218
20180104,39.86,40.52,39.83,40.45,3663304
20180105,40.56,40.7,40.05,40.18,2848257
20180108,40.08,40.18,39.77,40.09,3617614
20180109,40.19,40.6,40.12,40.22,2791680
20180110,40.05,40.175,39.28,39.91,3716829
20180111,40.06,40.71,40.01,40.56,3348098
20180112,40.56,40.69,40.21,40.5,2810892
20180116,40.58,40.96,40.53,40.78,5283943
20180117,40.91,40.995,40.171,40.91,3900920
20180118,40.88,40.88,40.43,40.48,2529791
20180119,40.51,41.33,39.92,40.96,5232864
20180122,41.18,42.77,41.15,42.75,7332710
20180123,42.35,42.84,42.2701,42.61,3915158
20180124,42.69,43.2,42.49,42.84,4123113
20180125,43.28,43.4,42.81,42.89,3223908
20180126,42.9,43.69,42.61,43.59,4052688
20180129,43.38,43.5,43.1,43.11,2457325
20180130,42.84,43.12,42.24,42.48,2885681
20180131,42.68,43.22,42.52,42.95,5210622
20180201,42.77,42.99,42.3042,42.46,2921389
20180202,42.04,42.13,41.4,41.43,3016081
20180205,42.24,42.54,40.51,40.6,5039907
20180206,40.21,42.25,40.2,42.0,5859620
20180207,42.31,43.05,42.17,42.19,4587806
